Start: 2019-03-12T23:33:27.130454
End: 2019-03-13T08:28:59.090966
Elapsed: 8:55:31.960512
Test loss: 0.030794817406269794
Test accuracy: 0.9909
