Start: 2019-03-12T11:53:32.595973
End: 2019-03-12T12:20:48.869191
Elapsed: 0:27:16.273218
Test loss: 0.10726286039111457
Test accuracy: 0.9849
