Start: 2019-03-12T11:50:55.548238
End: 2019-03-12T11:53:01.775000
Elapsed: 0:02:06.226762
Test loss: 0.26833738191127776
Test accuracy: 0.9286
